3.777335984095427368e-01
4.093816631130062778e-01
4.140786749482401330e-01
3.876288659793813429e-01
3.793103448275861322e-01
3.444976076555023581e-01
3.867187500000000000e-01
4.033970276008492784e-01
3.957446808510639014e-01
4.025157232704402732e-01
4.140969162995595254e-01
4.118895966029724187e-01
3.956521739130434701e-01
3.991507430997877082e-01
3.983402489626555742e-01
4.210526315789473450e-01
4.276729559748427834e-01
4.181034482758620441e-01
4.034334763948497771e-01
4.093816631130062778e-01
