5.714285714285715079e-01
6.538461538461537437e-01
5.306122448979592177e-01
5.000000000000000000e-01
4.782608695652174058e-01
6.415094339622642305e-01
5.714285714285715079e-01
5.882352941176469674e-01
6.666666666666665186e-01
5.882352941176469674e-01
5.600000000000000533e-01
6.415094339622642305e-01
5.714285714285715079e-01
6.000000000000000888e-01
6.274509803921568540e-01
5.106382978723404964e-01
6.538461538461537437e-01
6.000000000000000888e-01
5.600000000000000533e-01
5.000000000000000000e-01
