7.620889748549322107e-01
7.577399380804954454e-01
7.504769172071728001e-01
7.521564117308796593e-01
7.566532644074286384e-01
7.595765158806545569e-01
7.604429764911599943e-01
7.613328167376985922e-01
7.594789033637954212e-01
7.552393770428763586e-01
7.583686033089650502e-01
7.556587347649448283e-01
7.589268480988226040e-01
7.614643545279382586e-01
7.657499512385410601e-01
7.578622419448197700e-01
7.545367717287487785e-01
7.617029474089771490e-01
7.595967429236137880e-01
7.612229102167182848e-01
