7.272727272727272929e-01
7.359050445103857419e-01
7.242718446601942306e-01
7.412587412587411384e-01
7.249508840864439252e-01
7.245804540967424323e-01
7.327327327327328721e-01
7.373637264618433385e-01
7.405189620758483304e-01
7.305034550839091256e-01
7.305034550839091256e-01
7.597535934291580473e-01
7.321965897693077929e-01
7.290640394088669929e-01
7.402985074626864392e-01
7.274549098196392283e-01
7.359050445103857419e-01
7.351460221550856211e-01
7.074688796680497216e-01
7.315634218289085444e-01
