5.844748858447488260e-01
5.652173913043477826e-01
5.333333333333333259e-01
6.090909090909091272e-01
6.133333333333332860e-01
6.082949308755759565e-01
6.578947368421053099e-01
5.688888888888889994e-01
5.752212389380529922e-01
6.347826086956520619e-01
5.803571428571427937e-01
5.919282511210763875e-01
6.071428571428569843e-01
6.577777777777776835e-01
6.194690265486725300e-01
5.789473684210526550e-01
5.614035087719297934e-01
5.955555555555556158e-01
6.371681415929203451e-01
5.438596491228070429e-01
