8.704914064391188200e-01
8.720677146311971439e-01
8.674113647401651139e-01
8.747252747252747263e-01
8.668127587046506877e-01
8.685686417946842930e-01
8.632499392761719959e-01
8.743276283618581779e-01
8.688046647230320829e-01
8.716824933041149581e-01
8.686720469552456914e-01
8.681078455185815557e-01
8.768115942028985588e-01
8.708576998050682194e-01
8.663772310660877718e-01
8.681078455185815557e-01
8.718323586744639586e-01
8.684911600871880744e-01
8.651931017731359086e-01
8.650870406189554718e-01
