6.840317100792751015e-01
6.840317100792751015e-01
6.840317100792751015e-01
6.817667044167611268e-01
6.772366930917327332e-01
6.817667044167611268e-01
6.862967157417894093e-01
6.817667044167611268e-01
6.848072562358277215e-01
6.885617214043036061e-01
6.772366930917327332e-01
6.840317100792751015e-01
6.659116647791619714e-01
6.795016987542468190e-01
6.840317100792751015e-01
6.795016987542468190e-01
6.817667044167611268e-01
6.885617214043036061e-01
6.840317100792751015e-01
6.930917327293318886e-01
