6.008968609865471544e-01
5.478260869565216851e-01
5.964912280701754055e-01
6.339285714285715079e-01
5.535714285714286031e-01
5.550660792951542799e-01
5.982142857142856984e-01
6.666666666666666297e-01
5.826086956521738802e-01
6.396396396396397677e-01
6.244343891402713842e-01
5.739130434782608869e-01
5.803571428571427937e-01
6.666666666666666297e-01
5.999999999999999778e-01
5.726872246696035340e-01
6.222222222222222321e-01
5.877192982456140857e-01
6.098654708520180323e-01
5.877192982456140857e-01
