5.652173913043477826e-01
5.652173913043477826e-01
5.217391304347825942e-01
6.086956521739130821e-01
6.956521739130434590e-01
6.956521739130434590e-01
6.086956521739130821e-01
7.391304347826088694e-01
4.782608695652174058e-01
5.217391304347825942e-01
5.217391304347825942e-01
5.652173913043477826e-01
6.086956521739130821e-01
5.652173913043477826e-01
6.086956521739130821e-01
6.086956521739130821e-01
6.086956521739130821e-01
6.086956521739130821e-01
4.782608695652174058e-01
6.521739130434782705e-01
