6.885617214043036061e-01
6.885617214043036061e-01
6.704416761041903650e-01
6.795016987542468190e-01
6.681766704416761682e-01
6.840317100792751015e-01
6.885617214043036061e-01
6.704416761041903650e-01
6.840317100792751015e-01
6.862967157417894093e-01
6.885617214043036061e-01
6.885617214043036061e-01
6.840317100792751015e-01
6.885617214043036061e-01
6.885617214043036061e-01
6.817667044167611268e-01
6.817667044167611268e-01
6.840317100792751015e-01
6.772366930917327332e-01
6.862967157417894093e-01
