8.617846750727449212e-01
8.650097465886938952e-01
8.629268292682927832e-01
8.683953033268101418e-01
8.664400194269062938e-01
8.642035723024223959e-01
8.759652509652510188e-01
8.705768298594279697e-01
8.698412698412697486e-01
8.654545454545453653e-01
8.680252304706452815e-01
8.681610026512411871e-01
8.679153490634882173e-01
8.693966561667070270e-01
8.724799611367500818e-01
8.752735229759300850e-01
8.684466019417474980e-01
8.667799077893715287e-01
8.658892128279883638e-01
8.653001464128844411e-01
